% Yaw Moment Body Axis Main Coefficient
% The Function is Cn(alpha, beta, dEle)
% Ranges are:
    % alpha = -20 to 90 deg
    % beta  = -30 to 30 deg
    % dEle = -25 to 25 deg
% ------------------------------------------------------------------ %
% Cn Table at dEle = -25 deg
% ------------------------------------------------------------------ %
-0.06330 -0.06670 -0.05650 -0.04180 -0.01750 -0.00930 -0.00600  0.00470  0.00340  0.00000 -0.00480 -0.01060 -0.00740 -0.00150  0.00520  0.02970  0.04430  0.05450  0.05100
-0.06210 -0.05790 -0.04540 -0.02850 -0.01810 -0.01330 -0.00670 -0.00100  0.00100  0.00000  0.00040  0.00280  0.00710  0.01510  0.02000  0.03030  0.04730  0.06020  0.06410
-0.06728 -0.05880 -0.04930 -0.03930 -0.02420 -0.01670 -0.00980 -0.00220  0.00220  0.00000  0.00470  0.00960  0.01630  0.02450  0.03200  0.04730  0.05720  0.06660  0.07540
-0.08500 -0.07610 -0.06390 -0.04780 -0.03540 -0.02630 -0.01840 -0.01140 -0.00550  0.00000  0.00540  0.01120  0.01890  0.02900  0.03920  0.05160  0.06800  0.08000  0.08860
-0.09950 -0.08690 -0.07950 -0.05280 -0.03750 -0.02800 -0.01930 -0.01180 -0.00530  0.00000  0.00550  0.01220  0.02080  0.03020  0.03930  0.05470  0.07060  0.08910  0.10340
-0.10440 -0.08240 -0.06910 -0.05210 -0.03520 -0.02800 -0.01930 -0.01210 -0.00500  0.00000  0.00560  0.01320  0.02100  0.03010  0.03830  0.05530  0.07210  0.08580  0.10750
-0.09810 -0.07590 -0.06310 -0.04780 -0.03580 -0.02830 -0.02010 -0.01250 -0.00540  0.00000  0.00540  0.01310  0.02250  0.03090  0.03910  0.05120  0.06680  0.07980  0.10180
-0.09760 -0.06180 -0.04750 -0.04470 -0.03390 -0.02670 -0.01800 -0.01140 -0.00450  0.00000  0.00550  0.01290  0.02230  0.03040  0.03720  0.04800  0.05090  0.06470  0.09090
-0.06770 -0.05060 -0.02900 -0.02760 -0.02590 -0.02160 -0.01510 -0.00880 -0.00400  0.00000 -0.00220  0.00210  0.00990  0.01610  0.02100  0.02260  0.02410  0.04600  0.06270
-0.04880 -0.03510 -0.01630 -0.01280 -0.01550 -0.01150 -0.00720 -0.00370 -0.00160  0.00000  0.00130  0.00470  0.00850  0.01320  0.01570  0.01320  0.01620  0.03470  0.04870
-0.01020  0.01550  0.02870  0.02560  0.02940  0.00670  0.00400  0.00460  0.00380  0.00000 -0.00420 -0.00500 -0.00690 -0.00900 -0.01150 -0.02140 -0.02180  0.00550  0.04170
-0.00280  0.03140  0.05720  0.07120  0.05450  0.05370  0.04130  0.02540  0.01450  0.00000 -0.01040 -0.01620 -0.02230 -0.03120 -0.05060 -0.06700 -0.05360 -0.02760  0.00690
-0.00370  0.01670  0.07700  0.08030  0.05730  0.04330  0.02920  0.01840  0.00680  0.00000 -0.00480 -0.01150 -0.02330 -0.03320 -0.04920 -0.07620 -0.07270 -0.01250  0.00790
-0.01200  0.00270  0.03970  0.05770  0.03990  0.03040  0.02000  0.01470  0.00620  0.00000 -0.01450 -0.03560 -0.04420 -0.05800 -0.06980 -0.09000 -0.07040 -0.03360 -0.01910
-0.03730 -0.02740 -0.00960  0.02160  0.03190  0.02960  0.02980  0.01570  0.01040  0.00000 -0.00820 -0.02550 -0.04410 -0.06190 -0.07880 -0.06930 -0.03840 -0.02170 -0.01200
-0.00449 -0.03240  0.01020 -0.00770 -0.01610 -0.00900 -0.00570 -0.00650  0.00400  0.00000 -0.00190 -0.01520 -0.02750 -0.03150 -0.03050 -0.03860 -0.05640 -0.01370 -0.00170
-0.00550  0.00680  0.03740  0.01190  0.02340  0.01270 -0.00160 -0.01200 -0.00290  0.00000  0.00520  0.00570 -0.01010 -0.02150 -0.02210 -0.02630 -0.03580 -0.00550  0.00660
 0.02320  0.02800  0.02030  0.01270  0.00070 -0.00310 -0.00700 -0.01370 -0.01680  0.00000  0.00280  0.01330  0.01380  0.00830  0.00180 -0.01000 -0.01730 -0.02510 -0.02070
 0.02360  0.02370  0.01610  0.01160  0.00990  0.01100  0.01080  0.00870  0.00590  0.00000 -0.00130  0.00350 -0.00540 -0.00690 -0.00540 -0.00750 -0.01170 -0.01920 -0.01910
 0.03190  0.01990  0.01080  0.00180  0.00790  0.00620  0.00390  0.00290  0.00180  0.00000 -0.00640 -0.00510 -0.00980 -0.00970 -0.01010 -0.00380 -0.00720 -0.01590 -0.02770
% ------------------------------------------------------------------ %
% Cn Table at dEle = 0 deg
% ------------------------------------------------------------------ %   
-0.05510 -0.05880 -0.04960 -0.04060 -0.02190 -0.01450 -0.00750 -0.00120  0.00020  0.00000 -0.00900  0.00120  0.00590  0.00990  0.01410  0.03330  0.04250  0.05160  0.04770
-0.05610 -0.05270 -0.04560 -0.03330 -0.02480 -0.01790 -0.01270 -0.00570 -0.00180  0.00000  0.00250  0.00580  0.01110  0.01800  0.02380  0.03300  0.04500  0.05210  0.05530
-0.06660 -0.06370 -0.05450 -0.04680 -0.02970 -0.02330 -0.01450 -0.00790 -0.00310  0.00000  0.00280  0.00750  0.01500  0.02210  0.03020  0.04740  0.05520  0.06460  0.06740
-0.09020 -0.08120 -0.06640 -0.05230 -0.03660 -0.02770 -0.01940 -0.01170 -0.00550  0.00000  0.00630  0.01270  0.02140  0.02970  0.03980  0.05530  0.06930  0.08430  0.09330
-0.10580 -0.09160 -0.07490 -0.05780 -0.04130 -0.03170 -0.02260 -0.01380 -0.00660  0.00000  0.00610  0.01350  0.02250  0.03240  0.04140  0.05790  0.07460  0.09140  0.10550
-0.10740 -0.09160 -0.07540 -0.05870 -0.04150 -0.03290 -0.02270 -0.01450 -0.00640  0.00000  0.00610  0.01480  0.02310  0.03350  0.04210  0.05940  0.07620  0.09140  0.10790
-0.09810 -0.07980 -0.07180 -0.05680 -0.04160 -0.03260 -0.02320 -0.01460 -0.00620  0.00000  0.00630  0.01470  0.02400  0.03320  0.04270  0.05790  0.07270  0.08090  0.09950
-0.08120 -0.05920 -0.05370 -0.05130 -0.03750 -0.03010 -0.02120 -0.01210 -0.00520  0.00000  0.00630  0.01410  0.02430  0.03340  0.04040  0.05410  0.05660  0.06220  0.08400
-0.06840 -0.04910 -0.02900 -0.03210 -0.03080 -0.02620 -0.01790 -0.01020 -0.00420  0.00000  0.00180  0.00680  0.01520  0.02330  0.02960  0.03090  0.02790  0.04790  0.06740
-0.05280 -0.04110 -0.02230 -0.02290 -0.02400 -0.01880 -0.01290 -0.00720 -0.00290  0.00000  0.00330  0.00880  0.01470  0.02160  0.02580  0.02510  0.02420  0.04290  0.05470
-0.03000  0.00020  0.01150  0.01640  0.00910 -0.00370 -0.00240  0.00900  0.00250  0.00000 -0.00290 -0.00230 -0.00130 -0.00300 -0.00190 -0.00970 -0.00420  0.00690  0.03700
-0.00980  0.01680  0.03920  0.05140  0.03960  0.03400  0.01630  0.01030  0.00690  0.00000 -0.00970 -0.01470 -0.01570 -0.01890 -0.02950 -0.04150 -0.02910 -0.00680  0.01940
-0.00250  0.00540  0.06830  0.07440  0.05060  0.03510  0.02070  0.01310  0.00520  0.00000 -0.00710 -0.01360 -0.02160 -0.03290 -0.04400 -0.06770 -0.06220  0.00120  0.02020
-0.01110  0.00100  0.02940  0.06120  0.04510  0.03690  0.02930  0.02010  0.01160  0.00000 -0.02370 -0.03750 -0.04600 -0.05650 -0.06940 -0.08470 -0.05300 -0.02460 -0.01260
-0.02560 -0.01360  0.00580  0.02870  0.02540  0.02310  0.02330  0.01050  0.00780  0.00000 -0.00630 -0.02170 -0.03550 -0.04560 -0.05480 -0.05740 -0.03460 -0.01610 -0.00460
-0.03020 -0.02280  0.01300  0.01400  0.00400  0.00270 -0.00230 -0.00700  0.00430  0.00000  0.00280 -0.00580 -0.01720 -0.02390 -0.02580 -0.03610 -0.03550  0.00140  0.00730
-0.01880 -0.00750  0.02110  0.00800 -0.00610 -0.01000 -0.01740 -0.02190 -0.00790  0.00000  0.00750  0.01030  0.00430 -0.00130 -0.00190 -0.01560 -0.02840  0.00040  0.01100
 0.02960  0.03160  0.02100  0.00920  0.00030 -0.00620 -0.01280 -0.01930 -0.01870  0.00000  0.00390  0.01510  0.01630  0.01160  0.00590 -0.00230 -0.01410 -0.02460 -0.02280
 0.02640  0.03510  0.02540  0.01800  0.01330  0.01260  0.01070  0.00790  0.00550  0.00000 -0.00010  0.00600 -0.00330 -0.00690 -0.00750 -0.01300 -0.01980 -0.02420 -0.02090
 0.02740  0.01280  0.01180  0.00590  0.00510  0.00440  0.00310  0.00270  0.00170  0.00000 -0.00180 -0.00230 -0.00310 -0.00480 -0.00480 -0.00540 -0.01110 -0.01210 -0.01630
% ------------------------------------------------------------------ %
% Cn Table at dEle = 25 deg
% ------------------------------------------------------------------ %  
-0.04880 -0.05150 -0.04420 -0.04280 -0.02150 -0.01360 -0.00460 -0.00180  0.00010  0.00000 -0.00050 -0.00030  0.00480  0.00840  0.01430  0.03560  0.03690  0.04410  0.04250
-0.04990 -0.04630 -0.04020 -0.03240 -0.02010 -0.01540 -0.00950 -0.00290 -0.00130  0.00000  0.00050  0.00310  0.00930  0.01450  0.01950  0.03180  0.03980  0.04590  0.04920
-0.05740 -0.05340 -0.04770 -0.04240 -0.02770 -0.02080 -0.01340 -0.00730 -0.00250  0.00000  0.00180  0.00750  0.01400  0.02220  0.02770  0.04210  0.04760  0.05340  0.05720
-0.07580 -0.07140 -0.06170 -0.05070 -0.03680 -0.02900 -0.02080 -0.01280 -0.00610  0.00000  0.00640  0.01390  0.02220  0.03040  0.03990  0.05360  0.06450  0.07420  0.07870
-0.09190 -0.08180 -0.06940 -0.05600 -0.04020 -0.03110 -0.02230 -0.01410 -0.00650  0.00000  0.00690  0.01470  0.02300  0.03190  0.04080  0.05650  0.06960  0.08240  0.09240
-0.08600 -0.07490 -0.06590 -0.05310 -0.04060 -0.03220 -0.02230 -0.01270 -0.00470  0.00000  0.00420  0.01240  0.02210  0.03230  0.04150  0.05670  0.06940  0.07860  0.08920
-0.08210 -0.07230 -0.06530 -0.05340 -0.04030 -0.03280 -0.02330 -0.01350 -0.00610  0.00000  0.00490  0.01260  0.02180  0.03100  0.04000  0.05310  0.06490  0.07180  0.08140
-0.06710 -0.05160 -0.04860 -0.04960 -0.03570 -0.02890 -0.01950 -0.01070 -0.00480  0.00000  0.00380  0.01080  0.02080  0.03060  0.03810  0.05100  0.04990  0.05320  0.06840
-0.03980 -0.03550 -0.02370 -0.02840 -0.03110 -0.02700 -0.01830 -0.00910 -0.00350  0.00000  0.00280  0.00520  0.01780  0.02680  0.03320  0.03050  0.02590  0.03740  0.04170
-0.02730 -0.02100 -0.01320 -0.01480 -0.02190 -0.01960 -0.01590 -0.00890 -0.00330  0.00000  0.00430  0.01030  0.01790  0.02640  0.03110  0.02390  0.02240  0.03020  0.03620
-0.01160  0.01420  0.02730  0.02420  0.01110 -0.00660 -0.00630 -0.00200  0.00090  0.00000 -0.00100 -0.00060  0.00180  0.00390  0.00180 -0.01110 -0.01460 -0.00120  0.02440
 0.00180  0.02820  0.04990  0.05500  0.04300  0.03820  0.01930  0.00990  0.00690  0.00000 -0.00860 -0.01260 -0.01540 -0.01810 -0.02880 -0.04560 -0.04020 -0.01850  0.00710
 0.00030 -0.01930  0.06980  0.07880  0.05340  0.03720  0.02520  0.01690  0.00730  0.00000 -0.00840 -0.01470 -0.02480 -0.03620 -0.04800 -0.07330 -0.06410 -0.00520  0.00510
-0.01490 -0.00070  0.02260  0.05690  0.04550  0.03630  0.02880  0.01880  0.00890  0.00000 -0.02520 -0.04030 -0.05110 -0.06210 -0.07120 -0.08040 -0.04800 -0.02470 -0.02070
-0.02190 -0.01740 -0.00770  0.01710  0.03100  0.03070  0.03280  0.01890  0.01200  0.00000 -0.00580 -0.02510 -0.04080 -0.05430 -0.06640 -0.05300 -0.02920 -0.01870 -0.01510
-0.05180 -0.04350 -0.00530 -0.03070 -0.02310 -0.01080 -0.00220 -0.00160  0.00650  0.00000 -0.00260 -0.00850 -0.02230 -0.02570 -0.02440 -0.01710 -0.04240 -0.00420  0.00310
-0.02700 -0.02070  0.00420 -0.01370 -0.01370 -0.01380 -0.01730 -0.02030 -0.00710  0.00000  0.00930  0.01380  0.00670 -0.00280 -0.00730 -0.00720 -0.02540 -0.00080  0.00560
 0.01580  0.02700  0.02520  0.01170 -0.00100 -0.00390 -0.00680 -0.01320 -0.01590  0.00000 -0.00390  0.01100  0.00880  0.00840  0.00690 -0.00590 -0.01910 -0.02090 -0.01040
 0.01060  0.01820  0.01820  0.01170  0.00810  0.00960  0.00990  0.00810  0.00560  0.00000 -0.00100  0.00420 -0.00430  0.00160 -0.00350 -0.01120 -0.01350 -0.01350 -0.00580
 0.01180  0.01010  0.01170  0.00360  0.00600  0.00530  0.00410  0.00350  0.00210  0.00000 -0.00020  0.00080  0.00080 -0.00080 -0.00080  0.00140 -0.00680 -0.00540 -0.00720